Real_Name Free_Energy_Cal_NS Free_Energy_Cal_MO Free_Energy_Cal_LIT
107 -0.27495295029347616 -4.483257932247447 -2.1958077421658033
133 0.5733876280724113 -2.3102236138747774 -1.5846596534946584
171 0.7586343346910861 -2.5400006986455743 -1.1891336924103912
172 0.0187293694449235 -3.1849908417047397 -1.962923544576639
174 -1.7983139549040725 -8.609341509480815 -3.76797874742788
176 -1.9351986199096036 -6.2078508557024925 -3.8851641720206485
183 -1.19033922503584 -7.816925592529118 -3.125385810617635
185 0.7151932195120007 -2.0787671379163712 -1.333267771128787
Reading: /afs/crc/group/whitmer/Data-MF-06/amber/188/Umbrella_sampling/umbrella/run_long_1/bsResult.xvg
189 -0.5092104331392371 -4.682549821469692 -2.4345058401715667
3 0.7829399181758957 -1.8659818368055696 -1.1244334770519653
41 -0.6499653626738754 -4.355723931071459 -3.066838566526077
48 0.5512061251932675 -2.406590808748013 -1.539245668760001
Reading: /afs/crc/group/whitmer/Data-MF-06/amber/50/Umbrella_sampling/umbrella/run_long_1/bsResult.xvg
87 -0.006367358338339942 -2.6558764747168593 -2.0051402485681358
88 0.7829399181758957 -1.8659818368055696 -1.1244334770519653
89 0.7829399181758957 -1.8659818368055696 -1.1244334770519653
90 0.7829399181758957 -1.8659818368055696 -1.1244334770519653
97 -0.5176640167254841 -4.976596834340727 -2.4528112618348863
davis1water_no_carboxyl -18.76960792155138 -22.777537620182574 -20.638233449639632
davis1water_protonated -10.7239187740966 -16.850593218653056 -12.675645145368652
roelen1water_no_carboxyl -9.890688829820856 -17.70087279659969 -11.772296041936217
roelen1water_protonated -11.533235624973477 -15.26182761688858 -13.505426027575766
83charge 0.7069391605595553 -1.9991551508262033 -1.2400520458167805
83 0.7062180241909114 -2.0925940807111245 -1.2969334854806922
95 0.5632996536705224 -2.4204090733493584 -1.5124480732028336
A1+2 -3.0226350002385383 -11.164828625201125 -4.92107265089807
A1+3 -2.1868673168176698 -8.39857651950522 -4.086896792064719
davis1water -19.400807454823244 -25.11886275648913 -21.44457715967411
davis2water -21.785943535813228 -24.415112697842964 -23.803785771805615
N1+2+1 -1.4574299811881806 -9.108832039004547 -3.4117237290849474
N1+2 -0.5790208767219284 -5.6208645785369935 -2.537074488001345
Reading: /afs/crc/group/whitmer/Data-MF-07/amber/stoddart/Umbrella_sampling/umbrella/run_long_1/bsResult.xvg
urea+AMTA+cage1 -0.4071880527888757 -3.200840265022438 -2.3930964515219233
urea+AMTA+cage2 -1.4780683483794645 -6.604717105054274 -3.385978800054009
urea+AMTA+cage3 -1.3281216189088128 -5.347045071149232 -3.2600970172884196
urea+cage1 -0.6200694736058121 -4.5328743549961406 -2.5916326479986465
urea+cage2 -0.7734192466543438 -4.514171017266323 -2.7840071386494856
urea+cage3 -1.6304861748895088 -8.72704431480457 -3.5668887128890487
urea+cage4 0.009001214418426683 -4.926424951817973 -2.060364492189253
urea+cage5 -0.44699690203297743 -4.6027921504559215 -2.4293803915839973
12 0.4931028218827259 -3.8557517222399604 -1.4990164414513463
13 -0.04884634257788317 -7.605143275995515 -2.0943520941759193
19 -0.5477638287072908 -4.4127026941195995 -2.6227075125538177
20 -1.2445951313298584 -8.177400439354203 -3.233637276625608
22 -0.14901662887703246 -3.1365645857812345 -2.0462015421929083
2Anthracene+dithiol+1DM -4.36944389418028 -9.159286557647393 -6.3539699694120575
2Anthracene+dithiol+2DM -1.3067256703696368 -7.815579851178922 -3.236494554432239
Reading: /afs/crc/group/whitmer/Data-MF-08/amber/2Naphthalene+dithiol+1DM/Umbrella_sampling/umbrella/run_long_1/bsResult.xvg
Reading: /afs/crc/group/whitmer/Data-MF-08/amber/2Naphthalene+dithiol+2DM/Umbrella_sampling/umbrella/run_long_1/bsResult.xvg
2Triamidethiol+1DM -2.351255311742795 -8.670206348537938 -4.289709617613264
Reading: /afs/crc/group/whitmer/Data-MF-08/amber/2Triamidethiol+2DM/Umbrella_sampling/umbrella/run_long_1/bsResult.xvg
Reading: /afs/crc/group/whitmer/Data-MF-08/amber/2Triamidethiol+3DM/Umbrella_sampling/umbrella/run_long_1/bsResult.xvg
32 -1.8386517734593193 -6.358807173519648 -3.954439263751375
33 -1.0595252799821826 -4.949829008902701 -3.056465927486737
36 -1.0285965780397297 -4.353148083538352 -2.9883469172673336
38 0.7829399181758957 -1.8659818368055696 -1.1244334770519653
3Anthracene+dithiol+1DM -3.6163816766562853 -9.10386131800406 -5.582542886058176
Reading: /afs/crc/group/whitmer/Data-MF-08/amber/3Anthracene+dithiol+3DM/Umbrella_sampling/umbrella/run_long_1/bsResult.xvg
40 -0.16061547147033467 -3.6866694980549877 -2.315557171001566
45 0.6188863089482558 -3.6748182216897973 -1.3542178688475295
46 0.1346397029268454 -6.255538992813061 -1.9054451206103973
47 -0.1555044543262163 -4.231253512303938 -2.1107268756658235
4 0.38202621193309994 -3.8287649268703388 -1.6033528101282104
52 0.33580898399022346 -2.763054389090031 -1.8645407793608977
56 0.1922997673861103 -6.729739253309539 -1.7365792901436872
new+urea+AMTA+cage4 -0.31680623221998705 -3.291842401775043 -2.245272094194137
new+urea+HB+cage3 0.002198242994805051 -2.796831203040835 -1.9524766620994203
T1+2B1+2+HB -4.352585550135091 -9.989451615338707 -6.343702352063376
T1+2B1+2 -1.0714900272291137 -7.743554633874913 -2.9863091635707226
T1+2B1+HB -3.3228733594734923 -8.366609319329369 -5.31857897270717
T1+2+HB -6.666891151166792 -13.307296766250149 -8.706828919404163
T1+2 -0.6201315530110375 -6.273804373603403 -2.581217624680994
Reading: /afs/crc/group/whitmer/Data-MF-09/amber/asb29+neutral/Umbrella_sampling/umbrella/run_long_1/bsResult.xvg
Reading: /afs/crc/group/whitmer/Data-MF-09/amber/asb29/Umbrella_sampling/umbrella/run_long_1/bsResult.xvg
Reading: /afs/crc/group/whitmer/Data-MF-09/amber/asb30+neutral/Umbrella_sampling/umbrella/run_long_1/bsResult.xvg
Reading: /afs/crc/group/whitmer/Data-MF-09/amber/asb30/Umbrella_sampling/umbrella/run_long_1/bsResult.xvg
Reading: /afs/crc/group/whitmer/Data-MF-09/amber/asb31+neutral/Umbrella_sampling/umbrella/run_long_1/bsResult.xvg
Reading: /afs/crc/group/whitmer/Data-MF-09/amber/asb31/Umbrella_sampling/umbrella/run_long_1/bsResult.xvg
Reading: /afs/crc/group/whitmer/Data-MF-09/amber/asb32+neutral/Umbrella_sampling/umbrella/run_long_1/bsResult.xvg
Reading: /afs/crc/group/whitmer/Data-MF-09/amber/asb32/Umbrella_sampling/umbrella/run_long_1/bsResult.xvg
Reading: /afs/crc/group/whitmer/Data-MF-10/amber/*/Umbrella_sampling/umbrella/run_long_1/bsResult.xvg
